0.0	0.0	7.57818792246
0.0	7.58519832814	6.07106781187
0.0	13.8089508025	6.38264580047
0.0	20.0327032769	6.07106781187
0.0	26.2564557513	6.72344329813
0.0	33.0636850201	6.07106781187
2.33390717789	38.7039607	4.98635656833
5.44578341508	10.3080900357	2.11126983722
5.44578341508	17.3098115694	2.11281392803
5.44578341508	30.3407933126	2.11669649471
5.6402756799	5.25129115025	2.0963343276
5.6402756799	22.3666104548	1.97078225445
5.83476794473	34.8141154035	1.82842712475
6.22375247437	7.39070606332	1.54558441227
6.22375247437	19.4492264824	1.54558441227
6.22375247437	20.0327032769	1.54558441227
6.22375247437	32.4802082256	1.54558441227
6.4182447392	12.2530126839	1.6354567025
6.4182447392	14.0034430673	2.53557374444
6.4182447392	28.3958706643	2.1
6.61273700402	24.1170408382	1.83646721849
6.80722926885	3.50086076684	2.2
6.80722926885	26.0619634864	2.96766363193
6.80722926885	36.3700535221	1.32032070467
7.00172153367	8.75215191709	0.979898987322
7.39070606332	18.2822728935	0.697056274848
7.39070606332	21.1996568658	0.697056274848
7.39070606332	31.3132546367	0.697056274848
7.39070606332	33.6471618146	0.697056274848
7.39070606332	37.7314993759	1.8253426838
7.58519832814	0.0	3.6
7.58519832814	6.22375247437	0.555725809601
7.58519832814	9.72461324121	0.55563491861
7.58519832814	10.1135977709	0.55563491861
7.58519832814	10.6970745653	0.55563491861
7.58519832814	16.3373502452	0.95
7.58519832814	17.3098115694	0.561473536059
7.58519832814	21.9776259251	0.55563491861
7.58519832814	30.1463010477	0.628105564699
7.77969059297	5.6402756799	0.6
7.77969059297	6.80722926885	0.414213562373
7.77969059297	7.39070606332	0.414213562373
7.77969059297	7.97418285779	0.414213562373
7.77969059297	11.2805513598	0.434547092335
7.77969059297	18.8657496879	0.414213562373
7.77969059297	19.4492264824	0.414213562373
7.77969059297	20.0327032769	0.414213562373
7.77969059297	20.6161800714	0.414213562373
7.77969059297	22.5611027196	0.460879397695
7.77969059297	31.8967314312	0.414213562373
7.77969059297	32.4802082256	0.414213562373
7.77969059297	33.0636850201	0.414213562373
7.77969059297	34.2306386091	0.414213562373
7.77969059297	34.8141154035	0.414213562373
7.77969059297	35.397592198	0.414213562373
7.97418285779	8.36316738744	0.272792206136
7.97418285779	8.94664418191	0.272792206136
7.97418285779	11.6695358895	0.495972240133
7.97418285779	17.8932883638	0.272792206136
7.97418285779	19.8382110121	0.272792206136
7.97418285779	29.9518087829	0.5
7.97418285779	30.7297778422	0.272792206136
8.16867512262	6.22375247437	0.131754745192
8.16867512262	6.4182447392	0.131370849898
8.16867512262	6.61273700402	0.131370849898
8.16867512262	7.00172153367	0.131370849898
8.16867512262	7.19621379849	0.131370849898
8.16867512262	7.58519832814	0.131370849898
8.16867512262	7.77969059297	0.131370849898
8.16867512262	8.16867512262	0.131370849898
8.16867512262	8.55765965226	0.131370849898
8.16867512262	8.75215191709	0.131370849898
8.16867512262	9.14113644674	0.131370849898
8.16867512262	9.33562871156	0.131370849898
8.16867512262	9.53012097638	0.131370849898
8.16867512262	9.72461324121	0.131370849898
8.16867512262	9.91910550603	0.131370849898
8.16867512262	10.1135977709	0.131370849898
8.16867512262	10.3080900357	0.131370849898
8.16867512262	10.5025823005	0.131370849898
8.16867512262	10.6970745653	0.131370849898
8.16867512262	10.8915668302	0.131370849898
8.16867512262	11.086059095	0.131370849898
8.16867512262	17.1153193045	0.25
8.16867512262	17.5043038342	0.131370849898
8.16867512262	17.698796099	0.131370849898
8.16867512262	18.0877806286	0.131370849898
8.16867512262	18.2822728935	0.131370849898
8.16867512262	18.4767651583	0.131370849898
8.16867512262	18.6712574231	0.131370849898
8.16867512262	19.0602419528	0.131370849898
8.16867512262	19.2547342176	0.131370849898
8.16867512262	19.6437187472	0.131370849898
8.16867512262	20.2271955417	0.131370849898
8.16867512262	20.4216878065	0.131370849898
8.16867512262	20.8106723362	0.131370849898
8.16867512262	21.005164601	0.131370849898
8.16867512262	21.1996568658	0.131370849898
8.16867512262	21.3941491307	0.131370849898
8.16867512262	21.5886413955	0.131370849898
8.16867512262	21.7831336603	0.131370849898
8.16867512262	21.9776259251	0.131370849898
8.16867512262	22.17211819	0.131370849898
8.16867512262	22.9500872493	0.502404039812
8.16867512262	30.5352855774	0.131754745192
8.16867512262	30.924270107	0.131370849898
8.16867512262	31.1187623719	0.131370849898
8.16867512262	31.3132546367	0.131370849898
8.16867512262	31.5077469015	0.131370849898
8.16867512262	31.7022391663	0.131370849898
8.16867512262	32.091223696	0.131370849898
8.16867512262	32.2857159608	0.131370849898
8.16867512262	32.6747004905	0.131370849898
8.16867512262	32.8691927553	0.131370849898
8.16867512262	33.2581772849	0.131370849898
8.16867512262	33.4526695498	0.131370849898
8.16867512262	33.6471618146	0.131370849898
8.16867512262	33.8416540794	0.131370849898
8.16867512262	34.0361463442	0.131370849898
8.16867512262	34.4251308739	0.131370849898
8.16867512262	34.6196231387	0.131370849898
8.16867512262	35.0086076684	0.131370849898
8.16867512262	35.2030999332	0.131370849898
8.16867512262	35.5920844628	0.185786437627
8.16867512262	35.7865767276	0.302776960701
8.36316738744	5.05679888543	0.6
8.36316738744	5.83476794473	0.2
8.36316738744	11.2805513598	0.131370849898
8.36316738744	12.0585204191	0.697056274848
8.36316738744	15.7538734508	0.85
8.36316738744	16.9208270397	0.25
8.36316738744	23.5335640437	0.909188309204
8.36316738744	29.3683319884	0.6
8.36316738744	30.1463010477	0.2
8.36316738744	36.1755612573	0.55563491861
8.55765965226	5.6402756799	0.2
8.55765965226	11.2805513598	0.131370849898
8.55765965226	16.7263347749	0.25
8.55765965226	22.5611027196	0.202081528017
8.55765965226	28.5903629292	0.9
8.55765965226	29.9518087829	0.2
8.55765965226	35.5920844628	0.131370849898
8.75215191709	11.2805513598	0.131370849898
8.75215191709	11.4750436246	0.272792206136
8.75215191709	12.6419972136	1.12132034356
8.75215191709	16.5318425101	0.25
8.75215191709	35.5920844628	0.131370849898
8.94664418191	4.08433756131	0.8
8.94664418191	5.25129115025	0.2
8.94664418191	11.2805513598	0.131370849898
8.94664418191	13.8089508025	1.55
8.94664418191	22.5611027196	0.202081528017
8.94664418191	29.5628242533	0.2
8.94664418191	35.5920844628	0.131370849898
8.94664418191	35.7865767276	0.272792206136
8.94664418191	36.1755612573	0.55563491861
8.94664418191	36.7590380518	0.979898987322
8.94664418191	38.7039607	2.3941125497
9.14113644674	3.30636850201	1.1
9.14113644674	4.8623066206	0.3
9.14113644674	11.2805513598	0.131370849898
9.14113644674	11.4750436246	0.272792206136
9.14113644674	15.3648889211	0.65
9.14113644674	16.1428579804	0.25
9.14113644674	22.7555949844	0.343502884254
9.14113644674	24.1170408382	1.33345237792
9.14113644674	29.3683319884	0.2
9.14113644674	35.5920844628	0.131370849898
9.33562871156	11.2805513598	0.131370849898
9.33562871156	11.6695358895	0.414213562373
9.33562871156	27.617901605	1.0
9.33562871156	29.1738397236	0.2
9.33562871156	35.5920844628	0.131370849898
9.53012097638	4.66781435578	0.2
9.53012097638	11.2805513598	0.131370849898
9.53012097638	15.9483657156	0.15
9.53012097638	22.5611027196	0.202081528017
9.53012097638	28.784855194	0.3
9.53012097638	35.5920844628	0.131370849898
9.53012097638	35.7865767276	0.272792206136
9.72461324121	4.27882982613	0.3
9.72461324121	11.2805513598	0.131370849898
9.72461324121	11.4750436246	0.272792206136
9.72461324121	11.8640281543	0.55563491861
9.72461324121	15.7538734508	0.15
9.72461324121	22.7555949844	0.343502884254
9.72461324121	25.478486692	1.96111918633
9.72461324121	35.5920844628	0.131370849898
9.72461324121	35.9810689925	0.414213562373
9.91910550603	11.2805513598	0.131370849898
9.91910550603	12.4475049487	0.979898987322
9.91910550603	15.1703966563	0.35
9.91910550603	15.5593811859	0.15
9.91910550603	28.5903629292	0.2
9.91910550603	35.5920844628	0.131370849898
9.91910550603	36.3700535221	0.697056274848
10.1135977709	2.72289170754	0.9
10.1135977709	3.69535303166	0.4
10.1135977709	4.27882982613	0.1
10.1135977709	11.2805513598	0.131370849898
10.1135977709	11.4750436246	0.272792206136
10.1135977709	11.8640281543	0.55563491861
10.1135977709	12.4475049487	0.979898987322
10.1135977709	13.6144585377	1.05060966544
10.1135977709	14.7814121266	0.45
10.1135977709	15.3648889211	0.15
10.1135977709	22.5611027196	0.202081528017
10.1135977709	22.9500872493	0.484924240492
10.1135977709	23.5335640437	0.909188309204
10.1135977709	27.4234093402	0.7
10.1135977709	28.2013783995	0.3
10.1135977709	28.5903629292	0.1
10.1135977709	35.5920844628	0.131370849898
10.1135977709	35.7865767276	0.272792206136
10.1135977709	36.1755612573	0.55563491861
10.3080900357	4.08433756131	0.1
10.3080900357	11.2805513598	0.131370849898
10.3080900357	35.5920844628	0.131370849898
10.5025823005	3.88984529648	0.1
10.5025823005	11.2805513598	0.131370849898
10.5025823005	22.5611027196	0.202081528017
10.5025823005	28.0068861347	0.2
10.5025823005	35.5920844628	0.131370849898
10.5025823005	36.7590380518	0.979898987322
10.6970745653	1.94492264824	1.15894165104
10.6970745653	3.50086076684	0.2
10.6970745653	11.2805513598	0.131370849898
10.6970745653	11.4750436246	0.272792206136
10.6970745653	14.5869198618	0.25
10.6970745653	22.7555949844	0.343502884254
10.6970745653	27.8123938699	0.2
10.6970745653	35.5920844628	0.131370849898
10.6970745653	35.7865767276	0.272792206136
10.8915668302	3.30636850201	0.2
10.8915668302	11.2805513598	0.131370849898
10.8915668302	11.6695358895	0.414213562373
10.8915668302	14.392427597	0.25254835006
10.8915668302	27.2289170754	0.441040361425
10.8915668302	35.5920844628	0.131370849898
11.086059095	3.11187623719	0.272977289176
11.086059095	11.2805513598	0.131370849898
11.086059095	12.0585204191	0.697056274848
11.086059095	12.8364894784	1.2627416998
11.086059095	14.1979353322	0.343649886031
11.086059095	22.5611027196	0.202081528017
11.086059095	22.9500872493	0.484924240492
11.086059095	23.5335640437	0.909188309204
11.086059095	35.5920844628	0.131370849898
11.086059095	35.7865767276	0.272792206136
11.2805513598	0.0	2.53553390593
11.2805513598	3.30636850201	0.131370849898
11.2805513598	11.2805513598	0.131370849898
11.2805513598	26.8399325457	0.697056274848
11.2805513598	27.617901605	0.131370849898
11.2805513598	35.5920844628	0.131370849898
11.2805513598	35.9810689925	0.414213562373
11.2805513598	37.5370071111	1.54558441227
11.4750436246	2.91738397236	0.414213562373
11.4750436246	11.2805513598	0.131370849898
11.4750436246	11.4750436246	0.272792206136
11.4750436246	14.1979353322	0.343502884254
11.4750436246	22.5611027196	0.202081528017
11.4750436246	24.5060253678	1.61629509039
11.4750436246	27.617901605	0.131370849898
11.4750436246	35.5920844628	0.131370849898
11.6695358895	3.30636850201	0.131370849898
11.6695358895	11.2805513598	0.131370849898
11.6695358895	11.6695358895	0.414213562373
11.6695358895	22.7555949844	0.343502884254
11.6695358895	26.2564557513	1.12132034356
11.6695358895	27.4234093402	0.272792206136
11.6695358895	35.5920844628	0.131370849898
11.6695358895	35.7865767276	0.272792206136
11.8640281543	2.52839944271	0.697056274848
11.8640281543	3.30636850201	0.131370849898
11.8640281543	11.2805513598	0.131370849898
11.8640281543	14.0034430673	0.484924240492
11.8640281543	27.617901605	0.131370849898
11.8640281543	35.5920844628	0.131370849898
11.8640281543	35.9810689925	0.414213562373
12.0585204191	3.30636850201	0.131370849898
12.0585204191	11.2805513598	0.131370849898
12.0585204191	11.4750436246	0.272792206136
12.0585204191	11.8640281543	0.55563491861
12.0585204191	22.5611027196	0.202081528017
12.0585204191	22.9500872493	0.484924240492
12.0585204191	27.4234093402	0.272792206136
12.0585204191	35.5920844628	0.131370849898
12.2530126839	3.11187623719	0.272792206136
12.2530126839	11.2805513598	0.131370849898
12.2530126839	13.4199662729	0.909188309204
12.2530126839	14.392427597	0.202081528017
12.2530126839	27.2289170754	0.414213562373
12.2530126839	35.5920844628	0.131370849898
12.2530126839	35.7865767276	0.272792206136
12.2530126839	36.1755612573	0.55563491861
12.4475049487	2.91738397236	0.414213562373
12.4475049487	11.2805513598	0.131370849898
12.4475049487	12.4475049487	0.979898987322
12.4475049487	22.5611027196	0.202081528017
12.4475049487	27.617901605	0.131370849898
12.4475049487	35.5920844628	0.131370849898
12.4475049487	38.7039607	2.3941125497
12.6419972136	2.13941491307	0.979898987322
12.6419972136	3.30636850201	0.131370849898
12.6419972136	11.2805513598	0.131370849898
12.6419972136	11.4750436246	0.272792206136
12.6419972136	14.392427597	0.202081528017
12.6419972136	22.7555949844	0.343502884254
12.6419972136	23.1445795141	0.626345596729
12.6419972136	25.6729789568	1.54558441227
12.6419972136	27.4234093402	0.272792206136
12.6419972136	35.5920844628	0.131370849898
12.8364894784	3.11187623719	0.272792206136
12.8364894784	11.2805513598	0.131370849898
12.8364894784	14.1979353322	0.343502884254
12.8364894784	27.2289170754	0.414213562373
12.8364894784	35.5920844628	0.131370849898
12.8364894784	35.7865767276	0.272792206136
12.8364894784	36.1755612573	0.55563491861
13.0309817432	3.30636850201	0.131370849898
13.0309817432	11.2805513598	0.131370849898
13.0309817432	11.4750436246	0.272792206136
13.0309817432	22.5611027196	0.202081528017
13.0309817432	23.7280563085	1.05060966544
13.0309817432	27.617901605	0.131370849898
13.0309817432	35.5920844628	0.131370849898
13.225474008	3.11187623719	0.272792206136
13.225474008	11.2805513598	0.131370849898
13.225474008	11.6695358895	0.414213562373
13.225474008	13.225474008	1.05060966544
13.225474008	14.392427597	0.202081528017
13.225474008	27.4234093402	0.272792206136
13.225474008	35.5920844628	0.131370849898
13.4199662729	1.36144585377	1.54558441227
13.4199662729	2.91738397236	0.414213562373
13.4199662729	11.2805513598	0.131370849898
13.4199662729	12.0585204191	0.697056274848
13.4199662729	22.5611027196	0.202081528017
13.4199662729	27.0344248106	0.55563491861
13.4199662729	27.617901605	0.131370849898
13.4199662729	35.5920844628	0.131370849898
13.4199662729	35.7865767276	0.272792206136
13.4199662729	36.1755612573	0.55563491861
13.6144585377	3.30636850201	0.131370849898
13.6144585377	11.2805513598	0.131370849898
13.6144585377	14.392427597	0.202081528017
13.6144585377	22.7555949844	0.343502884254
13.6144585377	27.617901605	0.131370849898
13.6144585377	35.5920844628	0.131370849898
13.8089508025	3.11187623719	0.272792206136
13.8089508025	11.2805513598	0.131370849898
13.8089508025	11.4750436246	0.272792206136
13.8089508025	14.1979353322	0.343502884254
13.8089508025	24.5060253678	1.61629509039
13.8089508025	27.617901605	0.131370849898
13.8089508025	35.5920844628	0.131370849898
14.0034430673	2.91738397236	0.414213562373
14.0034430673	11.2805513598	0.131370849898
14.0034430673	11.6695358895	0.414213562373
14.0034430673	12.4475049487	0.979898987322
14.0034430673	22.5611027196	0.202081528017
14.0034430673	26.4509480161	0.979898987322
14.0034430673	27.617901605	0.131370849898
14.0034430673	35.5920844628	0.131370849898
14.0034430673	35.7865767276	0.272792206136
14.0034430673	36.1755612573	0.55563491861
14.0034430673	36.7590380518	0.979898987322
14.1979353322	0.0	2.53553390593
14.1979353322	3.30636850201	0.131370849898
14.1979353322	11.2805513598	0.131370849898
14.1979353322	13.8089508025	0.626345596729
14.1979353322	22.7555949844	0.343502884254
14.1979353322	27.4234093402	0.272792206136
14.1979353322	35.5920844628	0.131370849898
14.392427597	2.72289170754	0.55563491861
14.392427597	3.30636850201	0.131370849898
14.392427597	11.2805513598	0.131370849898
14.392427597	11.4750436246	0.272792206136
14.392427597	27.617901605	0.131370849898
14.392427597	35.5920844628	0.131370849898
14.5869198618	3.30636850201	0.131370849898
14.5869198618	11.2805513598	0.131370849898
14.5869198618	14.392427597	0.202081528017
14.5869198618	22.5611027196	0.202081528017
14.5869198618	22.9500872493	0.484924240492
14.5869198618	27.4234093402	0.272792206136
14.5869198618	35.5920844628	0.131370849898
14.5869198618	35.7865767276	0.272792206136
14.7814121266	3.30636850201	0.131370849898
14.7814121266	11.2805513598	0.131370849898
14.7814121266	11.4750436246	0.272792206136
14.7814121266	13.225474008	1.05060966544
14.7814121266	27.2289170754	0.414213562373
14.7814121266	35.5920844628	0.131370849898
14.7814121266	35.9810689925	0.414213562373
14.7814121266	37.5370071111	1.54558441227
14.9759043915	2.52839944271	0.697056274848
14.9759043915	3.30636850201	0.131370849898
14.9759043915	11.2805513598	0.131370849898
14.9759043915	11.6695358895	0.414213562373
14.9759043915	14.392427597	0.202081528017
14.9759043915	22.5611027196	0.202081528017
14.9759043915	23.3390717789	0.767766952966
14.9759043915	25.6729789568	1.54558441227
14.9759043915	27.617901605	0.131370849898
14.9759043915	35.5920844628	0.131370849898
15.1703966563	3.30636850201	0.131370849898
15.1703966563	11.2805513598	0.131370849898
15.1703966563	12.0585204191	0.697056274848
15.1703966563	27.4234093402	0.272792206136
15.1703966563	35.5920844628	0.131370849898
15.1703966563	35.7865767276	0.272792206136
15.3648889211	3.11187623719	0.272792206136
15.3648889211	11.2805513598	0.131370849898
15.3648889211	14.1979353322	0.343502884254
15.3648889211	22.5611027196	0.202081528017
15.3648889211	27.2289170754	0.414213562373
15.3648889211	35.5920844628	0.131370849898
15.3648889211	35.9810689925	0.414213562373
15.5593811859	2.13941491307	0.979898987322
15.5593811859	3.30636850201	0.131370849898
15.5593811859	11.2805513598	0.131370849898
15.5593811859	11.4750436246	0.272792206136
15.5593811859	22.7555949844	0.343502884254
15.5593811859	23.9225485734	1.19203102168
15.5593811859	27.617901605	0.131370849898
15.5593811859	35.5920844628	0.131370849898
15.7538734508	3.11187623719	0.272792206136
15.7538734508	11.2805513598	0.131370849898
15.7538734508	11.6695358895	0.414213562373
15.7538734508	12.4475049487	0.979898987322
15.7538734508	13.8089508025	0.626345596729
15.7538734508	27.0344248106	0.55563491861
15.7538734508	27.617901605	0.131370849898
15.7538734508	35.5920844628	0.131370849898
15.7538734508	35.7865767276	0.272792206136
15.7538734508	36.1755612573	0.55563491861
15.9483657156	3.30636850201	0.131370849898
15.9483657156	11.2805513598	0.131370849898
15.9483657156	22.5611027196	0.202081528017
15.9483657156	27.617901605	0.131370849898
15.9483657156	35.5920844628	0.131370849898
15.9483657156	38.7039607	2.3941125497
16.1428579804	3.11187623719	0.272792206136
16.1428579804	11.2805513598	0.131370849898
16.1428579804	11.4750436246	0.272792206136
16.1428579804	14.392427597	0.202081528017
16.1428579804	22.7555949844	0.343502884254
16.1428579804	27.617901605	0.131370849898
16.1428579804	35.5920844628	0.131370849898
16.3373502452	1.36144585377	1.54558441227
16.3373502452	2.91738397236	0.414213562373
16.3373502452	11.2805513598	0.131370849898
16.3373502452	13.4199662729	0.909188309204
16.3373502452	24.8950098975	1.89913780286
16.3373502452	26.8399325457	0.697056274848
16.3373502452	27.617901605	0.131370849898
16.3373502452	35.5920844628	0.131370849898
16.3373502452	35.7865767276	0.272792206136
16.3373502452	36.1755612573	0.55563491861
16.5318425101	3.30636850201	0.131370849898
16.5318425101	11.2805513598	0.131370849898
16.5318425101	11.4750436246	0.272792206136
16.5318425101	14.392427597	0.202081528017
16.5318425101	22.5611027196	0.202081528017
16.5318425101	22.9500872493	0.484924240492
16.5318425101	27.617901605	0.131370849898
16.5318425101	35.5920844628	0.131370849898
16.7263347749	3.11187623719	0.272792206136
16.7263347749	11.2805513598	0.131370849898
16.7263347749	11.6695358895	0.414213562373
16.7263347749	12.2530126839	0.838477631085
16.7263347749	27.4234093402	0.272792206136
16.7263347749	35.5920844628	0.131370849898
16.9208270397	2.91738397236	0.414213562373
16.9208270397	11.2805513598	0.131370849898
16.9208270397	14.1979353322	0.343502884254
16.9208270397	22.5611027196	0.202081528017
16.9208270397	27.2289170754	0.414213562373
16.9208270397	35.5920844628	0.131370849898
16.9208270397	35.7865767276	0.272792206136
16.9208270397	36.1755612573	0.55563491861
17.1153193045	0.0	2.53553390593
17.1153193045	3.30636850201	0.131370849898
17.1153193045	11.2805513598	0.131370849898
17.1153193045	11.4750436246	0.272792206136
17.1153193045	22.7555949844	0.343502884254
17.1153193045	23.1445795141	0.626345596729
17.1153193045	26.6454402809	0.838477631085
17.1153193045	27.617901605	0.131370849898
17.1153193045	35.5920844628	0.131370849898
17.3098115694	2.72289170754	0.55563491861
17.3098115694	3.30636850201	0.131370849898
17.3098115694	11.2805513598	0.131370849898
17.3098115694	13.0309817432	1.19203102168
17.3098115694	14.392427597	0.202081528017
17.3098115694	27.617901605	0.131370849898
17.3098115694	35.5920844628	0.131370849898
17.5043038342	3.30636850201	0.131370849898
17.5043038342	11.2805513598	0.131370849898
17.5043038342	11.4750436246	0.272792206136
17.5043038342	22.5611027196	0.202081528017
17.5043038342	27.4234093402	0.272792206136
17.5043038342	35.5920844628	0.131370849898
17.5043038342	35.7865767276	0.272792206136
17.5043038342	36.1755612573	0.55563491861
17.5043038342	36.7590380518	0.979898987322
17.698796099	3.30636850201	0.131370849898
17.698796099	11.2805513598	0.131370849898
17.698796099	11.6695358895	0.414213562373
17.698796099	14.1979353322	0.343502884254
17.698796099	22.7555949844	0.343502884254
17.698796099	23.5335640437	0.909188309204
17.698796099	27.617901605	0.131370849898
17.698796099	35.5920844628	0.131370849898
17.8932883638	2.52839944271	0.697056274848
17.8932883638	3.30636850201	0.131370849898
17.8932883638	11.2805513598	0.131370849898
17.8932883638	26.0619634864	1.2627416998
17.8932883638	27.4234093402	0.272792206136
17.8932883638	35.5920844628	0.131370849898
18.0877806286	3.30636850201	0.131370849898
18.0877806286	11.2805513598	0.131370849898
18.0877806286	11.4750436246	0.272792206136
18.0877806286	11.8640281543	0.55563491861
18.0877806286	14.0034430673	0.484924240492
18.0877806286	22.5611027196	0.202081528017
18.0877806286	27.617901605	0.131370849898
18.0877806286	35.5920844628	0.131370849898
18.0877806286	35.7865767276	0.272792206136
18.2822728935	3.11187623719	0.272792206136
18.2822728935	11.2805513598	0.131370849898
18.2822728935	22.7555949844	0.343502884254
18.2822728935	24.311533103	1.47487373415
18.2822728935	27.4234093402	0.272792206136
18.2822728935	35.5920844628	0.131370849898
18.2822728935	35.9810689925	0.414213562373
18.2822728935	37.5370071111	1.54558441227
18.4767651583	2.13941491307	0.979898987322
18.4767651583	3.30636850201	0.131370849898
18.4767651583	11.2805513598	0.131370849898
18.4767651583	12.4475049487	0.979898987322
18.4767651583	13.6144585377	0.767766952966
18.4767651583	14.392427597	0.202081528017
18.4767651583	27.2289170754	0.414213562373
18.4767651583	35.5920844628	0.131370849898
18.6712574231	3.11187623719	0.272792206136
18.6712574231	11.2805513598	0.131370849898
18.6712574231	11.4750436246	0.272792206136
18.6712574231	22.5611027196	0.202081528017
18.6712574231	27.617901605	0.131370849898
18.6712574231	35.5920844628	0.131370849898
18.6712574231	35.7865767276	0.272792206136
18.8657496879	3.30636850201	0.131370849898
18.8657496879	11.2805513598	0.131370849898
18.8657496879	14.392427597	0.202081528017
18.8657496879	22.7555949844	0.343502884254
18.8657496879	27.0344248106	0.55563491861
18.8657496879	27.617901605	0.131370849898
18.8657496879	35.5920844628	0.131370849898
18.8657496879	35.9810689925	0.414213562373
19.0602419528	3.11187623719	0.272792206136
19.0602419528	11.2805513598	0.131370849898
19.0602419528	11.4750436246	0.272792206136
19.0602419528	14.1979353322	0.343502884254
19.0602419528	27.617901605	0.131370849898
19.0602419528	35.5920844628	0.131370849898
19.2547342176	1.36144585377	1.54558441227
19.2547342176	2.91738397236	0.414213562373
19.2547342176	11.2805513598	0.131370849898
19.2547342176	11.6695358895	0.414213562373
19.2547342176	13.225474008	1.05060966544
19.2547342176	22.5611027196	0.202081528017
19.2547342176	22.9500872493	0.484924240492
19.2547342176	25.478486692	1.68700576851
19.2547342176	27.617901605	0.131370849898
19.2547342176	35.5920844628	0.131370849898
19.2547342176	35.7865767276	0.272792206136
19.2547342176	36.1755612573	0.55563491861
19.4492264824	3.30636850201	0.131370849898
19.4492264824	11.2805513598	0.131370849898
19.4492264824	12.0585204191	0.697056274848
19.4492264824	14.392427597	0.202081528017
19.4492264824	27.2289170754	0.414213562373
19.4492264824	35.5920844628	0.131370849898
19.4492264824	38.7039607	2.3941125497
19.6437187472	3.11187623719	0.272792206136
19.6437187472	11.2805513598	0.131370849898
19.6437187472	22.5611027196	0.202081528017
19.6437187472	23.3390717789	0.767766952966
19.6437187472	27.617901605	0.131370849898
19.6437187472	35.5920844628	0.131370849898
19.8382110121	2.91738397236	0.414213562373
19.8382110121	11.2805513598	0.131370849898
19.8382110121	11.4750436246	0.272792206136
19.8382110121	14.1979353322	0.343502884254
19.8382110121	27.4234093402	0.272792206136
19.8382110121	35.5920844628	0.131370849898
19.8382110121	35.7865767276	0.272792206136
19.8382110121	36.1755612573	0.55563491861
20.0327032769	0.0	2.53553390593
20.0327032769	2.72289170754	0.55563491861
20.0327032769	3.30636850201	0.131370849898
20.0327032769	11.2805513598	0.131370849898
20.0327032769	11.4750436246	0.272792206136
20.0327032769	11.8640281543	0.55563491861
20.0327032769	12.4475049487	0.979898987322
20.0327032769	13.6144585377	0.767766952966
20.0327032769	14.392427597	0.202081528017
20.0327032769	22.5611027196	0.202081528017
20.0327032769	22.9500872493	0.484924240492
20.0327032769	23.5335640437	0.909188309204
20.0327032769	27.0344248106	0.55563491861
20.0327032769	27.617901605	0.131370849898
20.0327032769	35.5920844628	0.131370849898
20.0327032769	35.7865767276	0.272792206136
20.0327032769	36.1755612573	0.55563491861
20.2271955417	3.30636850201	0.131370849898
20.2271955417	11.2805513598	0.131370849898
20.2271955417	27.617901605	0.131370849898
20.2271955417	35.5920844628	0.131370849898
20.4216878065	3.30636850201	0.131370849898
20.4216878065	11.2805513598	0.131370849898
20.4216878065	14.392427597	0.202081528017
20.4216878065	22.5611027196	0.202081528017
20.4216878065	27.617901605	0.131370849898
20.4216878065	35.5920844628	0.131370849898
20.6161800714	2.52839944271	0.697056274848
20.6161800714	3.30636850201	0.131370849898
20.6161800714	11.2805513598	0.131370849898
20.6161800714	11.4750436246	0.272792206136
20.6161800714	14.1979353322	0.343502884254
20.6161800714	22.7555949844	0.343502884254
20.6161800714	24.311533103	1.47487373415
20.6161800714	26.6454402809	0.838477631085
20.6161800714	27.617901605	0.131370849898
20.6161800714	35.5920844628	0.131370849898
20.6161800714	35.7865767276	0.272792206136
20.6161800714	36.1755612573	0.55563491861
20.8106723362	3.30636850201	0.131370849898
20.8106723362	11.2805513598	0.131370849898
20.8106723362	11.6695358895	0.414213562373
20.8106723362	13.225474008	1.05060966544
20.8106723362	27.617901605	0.131370849898
20.8106723362	35.5920844628	0.131370849898
21.005164601	3.11187623719	0.272792206136
21.005164601	11.2805513598	0.131370849898
21.005164601	12.0585204191	0.697056274848
21.005164601	14.392427597	0.202081528017
21.005164601	22.5611027196	0.202081528017
21.005164601	25.8674712216	1.40416305603
21.005164601	27.4234093402	0.272792206136
21.005164601	35.5920844628	0.131370849898
21.005164601	36.7590380518	0.979898987322
21.1996568658	2.91738397236	0.414213562373
21.1996568658	11.2805513598	0.131370849898
21.1996568658	22.7555949844	0.343502884254
21.1996568658	27.617901605	0.131370849898
21.1996568658	35.5920844628	0.131370849898
21.1996568658	35.7865767276	0.272792206136
21.3941491307	2.13941491307	0.979898987322
21.3941491307	3.30636850201	0.131370849898
21.3941491307	11.2805513598	0.131370849898
21.3941491307	11.4750436246	0.272792206136
21.3941491307	14.1979353322	0.343502884254
21.3941491307	27.2289170754	0.414213562373
21.3941491307	35.5920844628	0.131370849898
21.5886413955	3.11187623719	0.272792206136
21.5886413955	11.2805513598	0.131370849898
21.5886413955	11.6695358895	0.414213562373
21.5886413955	12.4475049487	0.979898987322
21.5886413955	22.5611027196	0.202081528017
21.5886413955	22.9500872493	0.484924240492
21.5886413955	27.617901605	0.131370849898
21.5886413955	35.5920844628	0.131370849898
21.5886413955	35.7865767276	0.272792206136
21.7831336603	3.30636850201	0.131370849898
21.7831336603	11.2805513598	0.131370849898
21.7831336603	13.8089508025	0.626345596729
21.7831336603	27.4234093402	0.272792206136
21.7831336603	35.5920844628	0.131370849898
21.7831336603	35.9810689925	0.414213562373
21.7831336603	37.5370071111	1.54558441227
21.9776259251	3.11187623719	0.272792206136
21.9776259251	11.2805513598	0.131370849898
21.9776259251	11.4750436246	0.272792206136
21.9776259251	22.5611027196	0.202081528017
21.9776259251	23.3390717789	0.767766952966
21.9776259251	27.0344248106	0.55563491861
21.9776259251	27.617901605	0.131370849898
21.9776259251	35.5920844628	0.131370849898
22.17211819	1.36144585377	1.54558441227
22.17211819	2.91738397236	0.414213562373
22.17211819	11.2805513598	0.131370849898
22.17211819	14.392427597	0.202081528017
22.17211819	24.1170408382	1.33345237792
22.17211819	27.617901605	0.131370849898
22.17211819	35.5920844628	0.131370849898
22.17211819	35.7865767276	0.272792206136
22.3666104548	3.30636850201	0.131370849898
22.3666104548	11.2805513598	0.131370849898
22.3666104548	11.4750436246	0.272792206136
22.3666104548	13.225474008	1.05060966544
22.3666104548	22.5611027196	0.202081528017
22.3666104548	25.478486692	1.68700576851
22.3666104548	27.617901605	0.131370849898
22.3666104548	35.5920844628	0.131370849898
22.3666104548	35.9810689925	0.414213562373
22.5611027196	3.11187623719	0.272792206136
22.5611027196	11.2805513598	0.131370849898
22.5611027196	11.6695358895	0.414213562373
22.5611027196	14.392427597	0.202081528017
22.5611027196	22.7555949844	0.343502884254
22.5611027196	27.2289170754	0.414213562373
22.5611027196	35.5920844628	0.131370849898
22.7555949844	2.91738397236	0.414213562373
22.7555949844	11.2805513598	0.131370849898
22.7555949844	12.0585204191	0.697056274848
22.7555949844	27.617901605	0.131370849898
22.7555949844	35.5920844628	0.131370849898
22.7555949844	35.7865767276	0.272792206136
22.7555949844	36.1755612573	0.55563491861
22.9500872493	0.0	2.53553390593
22.9500872493	3.30636850201	0.131370849898
22.9500872493	11.2805513598	0.131754745192
22.9500872493	14.1979353322	0.343502884254
22.9500872493	22.5611027196	0.202331304161
22.9500872493	22.9500872493	0.485028382359
22.9500872493	27.4234093402	0.272792206136
22.9500872493	35.5920844628	0.131754745192
22.9500872493	38.7039607	2.39413364566
23.1445795141	2.72289170754	0.55563491861
23.1445795141	3.30636850201	0.131370849898
23.1445795141	11.086059095	0.1
23.1445795141	11.2805513598	0.2
23.1445795141	22.3666104548	0.15
23.1445795141	27.0344248106	0.55563491861
23.1445795141	27.617901605	0.131370849898
23.1445795141	35.397592198	0.1
23.1445795141	35.5920844628	0.2
23.3390717789	3.30636850201	0.131370849898
23.3390717789	10.8915668302	0.1
23.3390717789	11.086059095	0.2
23.3390717789	11.4750436246	0.4
23.3390717789	12.4475049487	1.02273577379
23.3390717789	13.8089508025	0.626345596729
23.3390717789	22.17211819	0.15
23.3390717789	22.3666104548	0.25
23.3390717789	23.3390717789	0.821737507781
23.3390717789	27.617901605	0.131370849898
23.3390717789	35.2030999332	0.1
23.3390717789	35.397592198	0.2
23.3390717789	35.7865767276	0.4
23.5335640437	3.30636850201	0.131370849898
23.5335640437	10.6970745653	0.1
23.5335640437	10.8915668302	0.2
23.5335640437	21.9776259251	0.15
23.5335640437	22.17211819	0.25
23.5335640437	27.617901605	0.131370849898
23.5335640437	35.0086076684	0.1
23.5335640437	35.2030999332	0.2
23.5335640437	36.1755612573	0.705237061477
23.7280563085	2.52839944271	0.697056274848
23.7280563085	3.30636850201	0.131370849898
23.7280563085	10.5025823005	0.1
23.7280563085	10.6970745653	0.2
23.7280563085	11.086059095	0.4
23.7280563085	14.392427597	0.202081528017
23.7280563085	21.7831336603	0.15
23.7280563085	21.9776259251	0.25
23.7280563085	22.3666104548	0.45
23.7280563085	24.1170408382	1.45243488899
23.7280563085	26.6454402809	0.838477631085
23.7280563085	27.617901605	0.131370849898
23.7280563085	34.8141154035	0.1
23.7280563085	35.0086076684	0.2
23.7280563085	35.397592198	0.4
23.9225485734	3.30636850201	0.131370849898
23.9225485734	10.3080900357	0.1
23.9225485734	10.5025823005	0.2
23.9225485734	11.4750436246	0.7
23.9225485734	13.4199662729	0.909188309204
23.9225485734	21.5886413955	0.15
23.9225485734	21.7831336603	0.25
23.9225485734	27.617901605	0.131370849898
23.9225485734	34.6196231387	0.1
23.9225485734	34.8141154035	0.2
24.1170408382	3.11187623719	0.272792206136
24.1170408382	10.1135977709	0.1
24.1170408382	10.3080900357	0.2
24.1170408382	10.6970745653	0.4
24.1170408382	14.392427597	0.202081528017
24.1170408382	21.3941491307	0.15
24.1170408382	21.5886413955	0.25
24.1170408382	21.9776259251	0.45
24.1170408382	25.6729789568	1.54558441227
24.1170408382	27.4234093402	0.272792206136
24.1170408382	34.4251308739	0.1
24.1170408382	34.6196231387	0.2
24.1170408382	35.0086076684	0.4
24.1170408382	35.5920844628	0.7
24.311533103	2.13941491307	0.979898987322
24.311533103	3.30636850201	0.131370849898
24.311533103	9.91910550603	0.1
24.311533103	10.1135977709	0.2
24.311533103	12.0585204191	1.2
24.311533103	21.1996568658	0.15
24.311533103	21.3941491307	0.25
24.311533103	22.5611027196	0.85
24.311533103	27.617901605	0.131370849898
24.311533103	34.2306386091	0.1
24.311533103	34.4251308739	0.2
24.311533103	36.3700535221	1.2
24.5060253678	3.11187623719	0.272792206136
24.5060253678	9.72461324121	0.1
24.5060253678	9.91910550603	0.2
24.5060253678	10.3080900357	0.4
24.5060253678	14.1979353322	0.343502884254
24.5060253678	21.005164601	0.15
24.5060253678	21.1996568658	0.25
24.5060253678	21.5886413955	0.45
24.5060253678	27.2289170754	0.414213562373
24.5060253678	34.0361463442	0.1
24.5060253678	34.2306386091	0.2
24.5060253678	34.6196231387	0.4
24.7005176327	3.30636850201	0.131370849898
24.7005176327	9.53012097638	0.1
24.7005176327	9.72461324121	0.2
24.7005176327	10.6970745653	0.7
24.7005176327	20.8106723362	0.15
24.7005176327	21.005164601	0.25
24.7005176327	27.617901605	0.131370849898
24.7005176327	33.8416540794	0.1
24.7005176327	34.0361463442	0.2
24.7005176327	35.0086076684	0.7
24.8950098975	3.11187623719	0.272792206136
24.8950098975	9.33562871156	0.1
24.8950098975	9.53012097638	0.2
24.8950098975	9.91910550603	0.4
24.8950098975	13.225474008	1.05060966544
24.8950098975	14.392427597	0.202081528017
24.8950098975	20.6161800714	0.15
24.8950098975	20.8106723362	0.25
24.8950098975	21.1996568658	0.45
24.8950098975	27.0344248106	0.55563491861
24.8950098975	27.617901605	0.131370849898
24.8950098975	33.6471618146	0.1
24.8950098975	33.8416540794	0.2
24.8950098975	34.2306386091	0.4
25.0895021623	1.36144585377	1.54558441227
25.0895021623	2.91738397236	0.414213562373
25.0895021623	9.14113644674	0.1
25.0895021623	9.33562871156	0.2
25.0895021623	10.1135977709	0.6
25.0895021623	20.4216878065	0.15
25.0895021623	20.6161800714	0.25
25.0895021623	21.7831336603	0.85
25.0895021623	22.9500872493	1.45
25.0895021623	27.617901605	0.131370849898
25.0895021623	33.4526695498	0.1
25.0895021623	33.6471618146	0.2
25.0895021623	37.3425148462	2.1
25.2839944271	3.30636850201	0.131370849898
25.2839944271	8.94664418191	0.1
25.2839944271	9.14113644674	0.2
25.2839944271	9.53012097638	0.4
25.2839944271	11.086059095	1.2
25.2839944271	14.392427597	0.202081528017
25.2839944271	20.2271955417	0.15
25.2839944271	20.4216878065	0.25
25.2839944271	20.8106723362	0.45
25.2839944271	24.5060253678	2.35
25.2839944271	27.617901605	0.131370849898
25.2839944271	33.2581772849	0.1
25.2839944271	33.4526695498	0.2
25.2839944271	33.8416540794	0.4
25.2839944271	34.4251308739	0.7
25.478486692	3.11187623719	0.272792206136
25.478486692	8.75215191709	0.1
25.478486692	8.94664418191	0.2
25.478486692	9.91910550603	0.7
25.478486692	14.1979353322	0.343502884254
25.478486692	20.0327032769	0.15
25.478486692	20.2271955417	0.25
25.478486692	27.0344248106	0.55563491861
25.478486692	27.617901605	0.131370849898
25.478486692	33.0636850201	0.1
25.478486692	33.2581772849	0.2
25.478486692	35.2030999332	1.2
25.6729789568	2.91738397236	0.414213562373
25.6729789568	8.55765965226	0.1
25.6729789568	8.75215191709	0.2
25.6729789568	9.14113644674	0.4
25.6729789568	12.2530126839	1.75771644663
25.6729789568	19.8382110121	0.15
25.6729789568	20.0327032769	0.25
25.6729789568	20.4216878065	0.45
25.6729789568	27.617901605	0.131370849898
25.6729789568	32.8691927553	0.1
25.6729789568	33.0636850201	0.2
25.6729789568	33.4526695498	0.4
25.8674712216	0.0	2.53893491219
25.8674712216	3.30636850201	0.185786437627
25.8674712216	3.50086076684	0.131370849898
25.8674712216	3.69535303166	0.131370849898
25.8674712216	3.88984529648	0.131370849898
25.8674712216	4.08433756131	0.131370849898
25.8674712216	4.27882982613	0.131370849898
25.8674712216	4.47332209096	0.131370849898
25.8674712216	4.66781435578	0.131370849898
25.8674712216	4.8623066206	0.131370849898
25.8674712216	5.05679888543	0.131370849898
25.8674712216	5.25129115025	0.131370849898
25.8674712216	5.44578341508	0.131370849898
25.8674712216	5.6402756799	0.131370849898
25.8674712216	5.83476794473	0.131370849898
25.8674712216	6.02926020955	0.131370849898
25.8674712216	6.22375247437	0.131370849898
25.8674712216	6.4182447392	0.131370849898
25.8674712216	6.61273700402	0.131370849898
25.8674712216	6.80722926885	0.131370849898
25.8674712216	7.00172153367	0.131370849898
25.8674712216	7.19621379849	0.131370849898
25.8674712216	7.39070606332	0.131370849898
25.8674712216	7.58519832814	0.131370849898
25.8674712216	7.77969059297	0.131370849898
25.8674712216	7.97418285779	0.131370849898
25.8674712216	8.16867512262	0.131370849898
25.8674712216	8.36316738744	0.131754745192
25.8674712216	8.55765965226	0.2
25.8674712216	14.0034430673	0.502404039812
25.8674712216	14.5869198618	0.144699539196
25.8674712216	14.7814121266	0.131370849898
25.8674712216	14.9759043915	0.131370849898
25.8674712216	15.1703966563	0.131370849898
25.8674712216	15.3648889211	0.131370849898
25.8674712216	15.5593811859	0.131370849898
25.8674712216	15.7538734508	0.131370849898
25.8674712216	15.9483657156	0.131370849898
25.8674712216	16.1428579804	0.131370849898
25.8674712216	16.3373502452	0.131370849898
25.8674712216	16.5318425101	0.131370849898
25.8674712216	16.7263347749	0.131370849898
25.8674712216	16.9208270397	0.131370849898
25.8674712216	17.1153193045	0.131370849898
25.8674712216	17.3098115694	0.131370849898
25.8674712216	17.5043038342	0.131370849898
25.8674712216	17.698796099	0.131370849898
25.8674712216	17.8932883638	0.131370849898
25.8674712216	18.0877806286	0.131370849898
25.8674712216	18.2822728935	0.131370849898
25.8674712216	18.4767651583	0.131370849898
25.8674712216	18.6712574231	0.131370849898
25.8674712216	18.8657496879	0.131370849898
25.8674712216	19.0602419528	0.131370849898
25.8674712216	19.2547342176	0.131370849898
25.8674712216	19.4492264824	0.131370849898
25.8674712216	19.6437187472	0.15420982173
25.8674712216	19.8382110121	0.25
25.8674712216	21.005164601	0.85
25.8674712216	27.617901605	0.185786437627
25.8674712216	27.8123938699	0.131370849898
25.8674712216	28.0068861347	0.131370849898
25.8674712216	28.2013783995	0.131370849898
25.8674712216	28.3958706643	0.131370849898
25.8674712216	28.5903629292	0.131370849898
25.8674712216	28.784855194	0.131370849898
25.8674712216	28.9793474588	0.131370849898
25.8674712216	29.1738397236	0.131370849898
25.8674712216	29.3683319884	0.131370849898
25.8674712216	29.5628242533	0.131370849898
25.8674712216	29.7573165181	0.131370849898
25.8674712216	29.9518087829	0.131370849898
25.8674712216	30.1463010477	0.131370849898
25.8674712216	30.3407933126	0.131370849898
25.8674712216	30.5352855774	0.131370849898
25.8674712216	30.7297778422	0.131370849898
25.8674712216	30.924270107	0.131370849898
25.8674712216	31.1187623719	0.131370849898
25.8674712216	31.3132546367	0.131370849898
25.8674712216	31.5077469015	0.131370849898
25.8674712216	31.7022391663	0.131370849898
25.8674712216	31.8967314312	0.131370849898
25.8674712216	32.091223696	0.131370849898
25.8674712216	32.2857159608	0.131370849898
25.8674712216	32.4802082256	0.131370849898
25.8674712216	32.6747004905	0.131754745192
25.8674712216	32.8691927553	0.2
25.8674712216	33.8416540794	0.7
26.0619634864	2.72289170754	0.618987682032
26.0619634864	3.50086076684	0.272792206136
26.0619634864	3.88984529648	0.272792206136
26.0619634864	4.27882982613	0.272792206136
26.0619634864	4.66781435578	0.272792206136
26.0619634864	5.05679888543	0.272792206136
26.0619634864	5.44578341508	0.272792206136
26.0619634864	5.83476794473	0.272792206136
26.0619634864	6.22375247437	0.272792206136
26.0619634864	6.61273700402	0.272792206136
26.0619634864	7.00172153367	0.272792206136
26.0619634864	7.39070606332	0.272792206136
26.0619634864	7.77969059297	0.272792206136
26.0619634864	8.16867512262	0.272792206136
26.0619634864	8.75215191709	0.4
26.0619634864	9.33562871156	0.7
26.0619634864	10.1135977709	1.1
26.0619634864	14.5869198618	0.279455263269
26.0619634864	14.9759043915	0.272792206136
26.0619634864	15.3648889211	0.272792206136
26.0619634864	15.7538734508	0.272792206136
26.0619634864	16.1428579804	0.272792206136
26.0619634864	16.5318425101	0.272792206136
26.0619634864	16.9208270397	0.272792206136
26.0619634864	17.3098115694	0.272792206136
26.0619634864	17.698796099	0.272792206136
26.0619634864	18.0877806286	0.272792206136
26.0619634864	18.4767651583	0.272792206136
26.0619634864	18.8657496879	0.272792206136
26.0619634864	19.2547342176	0.272792206136
26.0619634864	19.6437187472	0.284495969468
26.0619634864	20.0327032769	0.45
26.0619634864	26.8399325457	0.748533925773
26.0619634864	27.617901605	0.302776960701
26.0619634864	28.0068861347	0.272792206136
26.0619634864	28.3958706643	0.272792206136
26.0619634864	28.784855194	0.272792206136
26.0619634864	29.1738397236	0.272792206136
26.0619634864	29.5628242533	0.272792206136
26.0619634864	29.9518087829	0.272792206136
26.0619634864	30.1463010477	0.272792206136
26.0619634864	30.5352855774	0.272792206136
26.0619634864	30.924270107	0.272792206136
26.0619634864	31.3132546367	0.272792206136
26.0619634864	31.7022391663	0.272792206136
26.0619634864	32.091223696	0.272792206136
26.0619634864	32.4802082256	0.272792206136
26.0619634864	33.0636850201	0.4
26.2564557513	3.69535303166	0.414213562373
26.2564557513	4.47332209096	0.414213562373
26.2564557513	5.25129115025	0.414213562373
26.2564557513	6.02926020955	0.414213562373
26.2564557513	6.80722926885	0.414213562373
26.2564557513	7.58519832814	0.414213562373
26.2564557513	8.36316738744	0.41433547752
26.2564557513	15.1703966563	0.414213562373
26.2564557513	15.9483657156	0.414213562373
26.2564557513	16.7263347749	0.414213562373
26.2564557513	17.5043038342	0.414213562373
26.2564557513	18.2822728935	0.414213562373
26.2564557513	19.0602419528	0.414213562373
26.2564557513	21.7831336603	1.45
26.2564557513	28.2013783995	0.414213562373
26.2564557513	28.9793474588	0.414213562373
26.2564557513	29.7573165181	0.414213562373
26.2564557513	30.3407933126	0.414213562373
26.2564557513	31.1187623719	0.414213562373
26.2564557513	31.8967314312	0.414213562373
26.2564557513	32.6747004905	0.41433547752
26.4509480161	3.30636850201	0.570953993753
26.4509480161	4.08433756131	0.55563491861
26.4509480161	4.8623066206	0.55563491861
26.4509480161	5.6402756799	0.55563491861
26.4509480161	6.4182447392	0.55563491861
26.4509480161	7.19621379849	0.55563491861
26.4509480161	7.97418285779	0.55563491861
26.4509480161	9.91910550603	1.2
26.4509480161	14.0034430673	0.737483343402
26.4509480161	14.7814121266	0.55563491861
26.4509480161	15.5593811859	0.55563491861
26.4509480161	16.3373502452	0.55563491861
26.4509480161	17.1153193045	0.55563491861
26.4509480161	17.8932883638	0.55563491861
26.4509480161	18.6712574231	0.55563491861
26.4509480161	19.4492264824	0.55563491861
26.4509480161	27.617901605	0.570953993753
26.4509480161	28.5903629292	0.55563491861
26.4509480161	29.3683319884	0.55563491861
26.4509480161	30.7297778422	0.55563491861
26.4509480161	31.5077469015	0.55563491861
26.4509480161	32.2857159608	0.55563491861
26.4509480161	33.2581772849	0.705237061477
26.4509480161	34.2306386091	1.2
26.6454402809	8.55765965226	0.71332403258
26.6454402809	20.0327032769	0.78619033584
26.6454402809	29.9518087829	0.697056274848
26.6454402809	30.1463010477	0.697056274848
26.6454402809	35.5920844628	2.0
26.8399325457	2.52839944271	1.09038167085
26.8399325457	10.8915668302	1.9
26.8399325457	26.4509480161	1.28966924565
26.8399325457	38.5094684352	3.6
27.0344248106	3.69535303166	0.979898987322
27.0344248106	4.8623066206	0.979898987322
27.0344248106	6.02926020955	0.979898987322
27.0344248106	7.19621379849	0.979898987322
27.0344248106	13.4199662729	1.33672188841
27.0344248106	14.7814121266	0.979898987322
27.0344248106	15.9483657156	0.979898987322
27.0344248106	17.1153193045	0.979898987322
27.0344248106	18.2822728935	0.979898987322
27.0344248106	19.4492264824	0.979898987322
27.0344248106	27.8123938699	0.979898987322
27.0344248106	28.9793474588	0.979898987322
27.0344248106	30.7297778422	0.979898987322
27.0344248106	31.8967314312	0.979898987322
27.2289170754	20.6161800714	1.37043615107
27.2289170754	22.9500872493	2.55
27.2289170754	32.8691927553	1.13150476713
27.4234093402	8.16867512262	1.2627416998
27.4234093402	29.9518087829	1.2627416998
27.8123938699	1.75043038342	1.99583260216
27.8123938699	25.478486692	2.28797282292
27.8123938699	33.8416540794	1.76804651041
28.0068861347	3.88984529648	1.68700576851
28.0068861347	5.6402756799	1.68700576851
28.0068861347	9.33562871156	1.83311293652
28.0068861347	12.4475049487	2.336321528
28.0068861347	14.9759043915	1.68700576851
28.0068861347	16.7263347749	1.68700576851
28.0068861347	18.4767651583	1.68700576851
28.0068861347	28.0068861347	1.68700576851
28.0068861347	30.1463010477	1.68700576851
28.2013783995	31.8967314312	1.82842712475
28.5903629292	7.39070606332	2.11126983722
28.5903629292	20.0327032769	2.14235107287
28.784855194	0.0	3.39168834081
28.784855194	35.397592198	3.00574726157
29.5628242533	4.66781435578	2.81837661841
29.5628242533	10.3080900357	3.15781172659
29.5628242533	14.1979353322	2.83923246577
29.5628242533	17.5043038342	2.81837661841
29.5628242533	27.0344248106	2.87262544129
29.7573165181	21.9776259251	3.45268576174
29.7573165181	29.9518087829	2.95979797464
30.1463010477	38.1204839055	5.1
30.5352855774	32.8691927553	3.52873588215
30.924270107	7.19621379849	3.80832611207
31.3132546367	2.33390717789	4.17620726123
31.7022391663	24.8950098975	4.85689584524
31.8967314312	12.4475049487	4.79599249715
31.8967314312	19.2547342176	4.51543289326
32.8691927553	29.7573165181	5.22253967444
34.2306386091	34.8141154035	6.40674585993
34.4251308739	5.25129115025	6.35391052434
35.2030999332	15.9483657156	6.91959594929
36.1755612573	22.9500872493	8.0213118017
38.1204839055	0.0	9.38973373437
